648
263 1325
2562 1044
152 2722
96 1513
1432 2538
2750 799
929 58
544 175
1554 765
1552 2962
1285 1536
1534 2790
327 1622
113 1257
1200 1133
705 1629
452 2553
214 2949
1409 1935
758 2103
1682 2349
2571 1482
531 1872
2316 2754
1261 925
1838 306
908 1996
849 593
776 2730
1863 2705
1001 1558
2723 1908
1638 943
1127 1583
2504 403
1248 3
2362 1539
1414 1721
540 2933
2526 1598
617 2290
2138 2520
1741 1002
2317 1224
2619 2180
1055 1448
21 1067
912 111
1309 829
2 906
1924 1205
199 1710
1778 2940
2733 1635
1821 1067
1351 1611
1861 76
1391 1611
679 242
2688 1185
2224 1534
761 2039
1685 1404
2790 2695
921 2613
241 2208
511 1637
786 895
128 2448
450 1673
1822 1009
2118 1568
2666 2867
1690 2844
2740 1620
2564 84
2465 255
1211 1286
1 1296
2424 291
2202 2293
2635 2030
1223 2907
1497 2639
189 1023
644 306
2647 2175
1164 1957
48 80
2061 43
58 2184
1553 170
716 102
2335 2556
2633 2689
1419 1172
1847 935
1441 1175
373 2512
2596 2893
2937 993
788 727
216 269
2368 836
1919 961
1223 751
1658 1038
2645 2635
1091 1437
1220 2170
2061 1974
2465 1018
2825 1202
73 1001
2161 2322
1964 2786
851 519
121 224
1105 907
1690 971
1231 1823
1056 841
916 1199
2538 2774
2436 219
651 2543
1652 1991
794 1380
304 1590
1877 1356
1139 498
2488 317
2149 2591
1971 1036
2241 1153
2402 2002
207 346
137 440
2559 129
1311 1060
1336 472
570 1812
664 2564
2180 2986
1492 2194
429 2881
2978 1880
2368 1895
549 498
2898 2964
2673 823
553 2978
2736 2275
201 701
1205 1277
1053 604
878 2052
388 1441
703 965
1945 205
2797 2176
2391 1472
239 2989
1117 1104
2276 201
2623 599
569 181
2270 2586
746 2952
2449 1263
2820 2308
1699 1159
1888 183
2902 1613
2730 451
2024 2045
898 2295
1197 2816
66 95
2790 631
2986 1418
561 2022
2217 171
457 2155
1437 2555
2703 2327
493 1564
1961 1885
2692 1153
1610 72
360 1956
594 2154
2212 2144
135 1626
2491 1920
523 2573
911 2239
2289 1336
1257 1490
1099 2421
1673 90
1789 1885
968 143
2095 1581
2355 1314
1935 1819
2027 633
141 2123
2123 145
1723 2869
666 2166
1461 2201
1946 2815
1077 1974
2448 2512
2723 527
1125 2399
1155 2648
1804 2587
670 1455
909 1154
2765 878
2817 619
1003 416
2055 2323
2411 306
2095 1683
1363 428
2797 1433
2127 552
207 1366
2169 2026
434 2921
2175 1656
2683 2122
101 2356
1426 457
845 1296
171 496
2524 1602
1864 1534
2271 720
1401 606
997 1269
1366 1911
1567 2781
998 93
589 805
977 2928
2227 670
2171 955
2044 1540
2177 608
1150 1914
2649 2530
1895 2961
1677 1930
373 384
1329 2751
2444 1221
1830 432
1683 861
477 715
1144 1001
1632 2756
2774 1778
957 1278
236 1902
1940 1821
2352 59
2931 2503
1548 1412
1664 2568
2183 1898
511 613
2863 348
797 1244
1229 2554
348 2474
1609 1550
1783 1108
1513 2788
1849 2963
1492 2747
2993 2913
980 2852
1817 113
1531 2979
887 1798
860 581
395 1210
1422 657
450 963
2349 2337
739 2057
1537 331
2016 1522
1835 1834
1471 97
2405 19
2353 1765
1329 205
2458 1038
437 400
1219 2806
1957 1313
621 469
905 565
1407 1269
417 1253
1593 2367
2023 400
185 830
1988 2007
406 2218
1109 1069
772 856
2551 1285
895 2176
1633 1745
2268 1374
1257 1000
1108 302
105 1823
1554 2442
667 1363
1279 294
2243 1918
883 2766
1988 257
2751 614
2822 1121
2505 1497
31 1517
1752 1102
567 2262
1609 1120
936 799
2969 69
2125 1664
2516 1058
1330 222
981 2405
2917 1685
2974 1827
2708 1720
1563 2251
2071 576
778 602
1311 116
2077 1144
2999 2376
92 1491
2866 2897
900 2114
2382 887
885 829
799 1708
771 716
542 1212
754 2645
1019 2630
1712 2546
1161 2474
853 378
2098 91
1966 310
1698 2847
2531 767
2616 1500
949 230
602 1773
2524 1532
857 2189
2840 1995
1229 2348
559 2684
650 704
1422 2435
475 262
427 1168
557 2937
2938 2592
2280 146
2247 1595
2145 608
1820 423
1059 938
2035 1541
2752 2291
2502 1458
1099 348
460 1241
1559 921
343 1230
2173 2029
468 2382
786 1943
99 662
2671 2617
2296 2921
109 2478
1800 382
569 173
752 1529
1428 2963
419 769
582 1413
2498 2674
868 2582
705 532
496 734
2216 2259
1504 652
2439 1944
2577 245
469 2288
1093 1622
1067 780
2794 910
516 305
1454 647
2144 1808
1424 79
2985 713
1625 714
1325 2851
226 282
2342 1103
431 2937
535 2542
245 654
832 2072
144 1879
2147 2271
1640 990
1135 1971
397 1807
581 671
913 1825
2433 148
572 131
1979 1685
1230 1448
791 354
1448 2622
1386 2009
540 1644
2415 17
1934 2810
689 193
627 1125
2689 1
2450 1931
2753 2903
415 3
1162 1605
615 673
2955 2976
2609 1417
1012 748
2594 322
2810 2415
1796 654
1987 2395
1832 1534
228 1864
2049 970
457 1698
2499 298
2806 2030
308 2143
1155 1074
1354 2973
2965 654
1085 2781
1187 1390
1838 2982
1509 977
2735 532
2820 1615
669 2892
886 518
748 286
1529 1661
1362 676
2 797
1583 874
974 2613
2547 151
2840 1558
921 2235
236 446
2842 1497
2540 664
1317 1231
2922 1379
2669 2587
1669 674
1876 1241
2655 1860
2319 1394
2190 93
1009 2543
841 341
420 886
2766 2815
1925 1188
1049 917
2968 2324
615 1890
2581 1647
572 528
2753 1740
706 1995
2663 1946
396 2630
504 2268
410 2860
361 2060
1021 1514
820 115
2045 2931
2450 1383
552 1636
2968 1174
2494 2289
647 315
1483 431
1768 1335
1477 1131
2351 1081
1279 1067
1823 441
982 1188
1567 1817
2745 684
2828 29
2102 2697
1927 277
2642 2801
288 320
897 2939
411 1179
2176 358
722 1075
582 945
795 1807
802 1171
1268 1010
2649 2380
260 1543
1519 3
2683 613
480 1049
1564 1661
2951 677
1074 522
823 1906
2314 2521
600 2343
88 1225
2509 1517
2860 1620
499 238
1597 166
508 1259
1454 142
2813 455
2553 2642
309 2675
650 2272
847 2129
2629 795
2697 701
1875 1099
750 784
496 768
2097 375
2952 191
108 2932
196 2054
543 27
175 1693
836 1856
1535 2613
139 711
2784 1718
1738 1316
2186 252
527 1284
1926 2545
1585 451
2276 2017
2540 1495
2330 2601
2635 1445
144 2145
2786 403
1527 1612
2300 2390
1419 118
1339 509
1574 2014
463 2765
2672 188
2209 2831
1308 596
2568 2175
148 2539
148 2373
791 1801
56 873
1450 168
2229 1555
389 493
2421 2769
1159 2700
701 1869
477 1352
903 606
1407 1996
2991 1502
2707 2467
900 83
295 1159
1657 1882
2913 2152
2853 2377
1049 2875
2912 99
1721 1101
383 1610
2635 464
1065 1343
1492 1262
2139 262
712 2555
8 137
1126 944
749 1209
61 260
2085 1180
2351 1190
1241 179
2037 273
1762 1635
27 79
