694
1641 1417
2498 156
290 225
2917 118
685 14
28 2071
1210 1200
2139 854
1104 834
396 2207
753 175
1633 1256
1889 1602
2558 2410
2645 172
2115 1380
1353 1634
2321 2100
2211 917
770 2216
2774 1343
1469 756
1425 2130
1498 180
346 2379
2316 1741
1781 1215
437 1879
2921 332
1710 373
2140 2427
2791 952
478 685
2779 553
28 2684
2456 1942
1126 2851
2134 2487
1603 848
2901 953
2763 1249
564 274
214 269
2447 2014
2275 1997
1905 2754
1027 1795
18 2935
79 1481
1459 49
1543 2732
2472 17
1588 2474
2284 2983
1576 1987
467 1940
877 1133
508 2367
2804 50
2206 671
2103 2765
574 912
2936 794
1581 697
1668 1326
1582 1014
1154 47
2801 665
1920 613
1593 86
472 2490
413 2878
2191 1949
461 1773
599 1117
1979 1520
845 1732
2861 2633
2029 490
1288 342
1204 452
15 454
863 461
2292 2613
2402 827
2373 2754
2020 845
1675 775
2657 1012
1375 1290
1015 2807
1822 1810
1317 459
1783 2819
2833 2562
2738 2245
633 2020
2028 497
1500 2348
2208 2559
1459 373
112 1300
2314 316
980 2375
1907 1327
609 2374
1300 2766
46 2989
319 1361
1996 1727
2476 1931
1788 1287
2346 2653
301 2161
2731 2630
910 701
497 2898
2401 156
2979 2016
2080 390
1861 2600
1396 2603
767 188
1524 1240
404 2855
1563 1965
381 828
1317 2780
183 2600
2387 2813
283 2538
1245 744
677 2514
1008 2178
775 2600
984 35
2815 1926
376 2135
2630 1345
847 2253
2034 748
957 1796
574 2101
1998 2844
2736 1340
2782 1708
252 1849
622 1360
1071 2261
2342 1733
759 268
260 800
1585 1866
2596 2787
1330 2052
1704 218
2890 2312
521 2070
2214 2303
2527 1567
1509 1745
2085 919
1798 1650
937 1492
968 2108
219 150
585 765
963 371
1435 2138
744 2727
748 133
966 2296
405 675
8 2753
1453 1368
87 4
2991 151
305 710
2449 1341
1877 1286
2406 2182
326 1342
2279 1914
1942 2709
77 1929
1917 2475
1290 2564
1370 919
1689 2502
1113 2702
1115 779
1422 2485
1652 2287
2857 1161
1797 1634
1619 1156
2803 2075
1064 2803
1391 2851
2836 741
1440 1276
1083 1671
1734 793
1372 1486
2304 776
101 125
320 789
2765 2072
1877 1576
2566 1471
1498 2018
1434 2023
1397 1772
1400 453
611 1721
2238 2669
898 1989
1385 1610
151 2349
451 903
1024 2017
716 1581
21 2968
676 1566
1803 370
1128 2961
1576 292
1547 2775
2038 952
2247 1566
1458 515
1604 2891
2812 731
2376 174
1748 840
2111 40
2379 1833
1269 56
2768 963
2434 1270
12 486
2414 2840
1120 1337
2741 36
2093 1991
1156 1228
1980 1
1109 1848
2759 2630
479 593
2031 1112
1418 42
2808 1065
1785 580
946 2198
1112 2458
1770 1595
1168 666
352 2807
1057 2701
2145 1194
1320 1720
1128 1796
1954 1180
2761 511
759 1755
1335 2399
1153 2789
1735 713
2159 1074
771 410
2574 672
2627 2137
311 1351
2257 672
2327 2635
692 1487
2107 2138
152 522
130 2799
2524 2357
1455 2366
1132 2940
1431 2129
2032 1471
1928 1114
1060 2646
2171 1426
2745 1641
2867 2465
1956 980
1638 1207
2213 1801
2756 234
1435 886
1885 585
1503 1312
448 2321
2190 2288
1082 717
554 1197
2803 2860
2923 2266
1815 1502
1338 1402
1571 1390
2399 2785
871 518
1940 1221
2147 2576
1353 365
2029 689
2137 1753
1026 1563
1109 1306
2498 107
607 442
137 1823
2378 407
1907 2116
1536 340
1264 168
2372 225
161 411
2017 1997
1106 2155
2490 289
88 1232
2244 2910
580 1693
2089 2634
96 1425
174 2919
1154 1405
968 2284
407 1062
914 304
426 2957
2954 516
669 997
1804 304
790 780
1655 529
2150 838
1927 18
983 663
2162 760
1780 1232
2760 2802
485 892
1836 2657
2530 562
2568 2837
2480 1269
128 648
1346 587
877 783
1074 1915
2790 2965
328 1867
1738 698
1906 1545
2961 717
1013 2128
547 662
706 2389
728 599
2981 346
1970 2947
1954 1202
944 2391
2633 998
2029 2232
2164 2608
2208 1326
222 1183
141 504
1734 762
1948 312
1515 1680
1400 2528
1731 423
1451 2493
2559 412
2648 2498
1553 1043
2977 2128
2297 1086
2266 613
212 1331
1749 2651
1759 2849
1120 451
1258 2396
1884 1433
2032 1194
471 58
2645 1340
181 1731
785 2193
738 2587
853 1895
1243 1252
2827 1371
1813 118
11 2835
1854 525
819 1739
107 1716
1375 1341
666 1513
2098 2476
57 1907
1947 1138
1390 1321
971 1160
200 1469
1373 983
2982 2002
1271 2181
1575 2794
225 1066
1329 2306
2148 2923
2446 2865
2157 2918
1252 2295
2505 1839
2668 2123
1003 1403
1686 48
1684 2523
602 97
1738 419
874 2858
2164 1811
2438 921
1461 1318
1048 1204
439 210
769 1700
315 263
2436 835
2070 2795
1570 683
357 2605
437 1007
2052 456
801 2582
2979 1899
2359 2684
1603 2759
2508 1475
1200 2472
945 1203
415 2447
853 2181
1201 167
1376 1734
864 2663
2705 258
194 1104
683 71
2924 1176
563 732
2537 2774
1245 2585
2939 1095
335 288
2561 2295
2326 1597
890 2148
1992 2195
344 2776
762 2135
2288 429
235 680
338 2078
1760 2727
2244 99
2873 1283
260 2981
2172 1744
1549 323
921 1193
2305 445
2326 2996
96 399
1627 2326
1912 1816
1417 262
2694 1115
534 1710
20 357
2068 1935
2907 2145
1468 2132
1867 1113
2612 658
2833 1453
17 2182
2135 2160
145 1319
1898 2489
2719 318
1176 1208
2996 2348
1529 1018
1428 2571
1113 2359
1376 39
2370 969
2994 638
486 1576
1638 1597
1213 228
54 1173
628 2570
2350 495
344 2674
2906 2844
1353 2152
1453 8
194 1098
724 2647
2128 922
1282 1392
2113 2733
2317 785
654 1434
384 1683
1372 1431
682 2480
2000 2153
2575 1835
1577 1250
46 1503
1835 1040
2875 2330
184 2355
2910 1482
754 703
2451 2425
2103 2331
2819 2558
315 2873
1588 2812
2316 2279
1764 414
1106 277
2283 123
1694 2481
978 2359
2581 2847
646 1018
1948 525
226 1317
318 2477
916 1578
2404 1164
262 563
516 1891
816 2191
2006 492
612 2144
747 1896
1306 2991
118 2134
1453 2868
2495 2670
1518 1553
262 847
824 1087
1021 2910
772 676
2033 1600
2157 875
1250 1682
1238 1571
1961 294
754 1605
1058 1616
2004 1384
530 2714
2977 183
2658 1190
2539 2190
157 298
608 121
2238 784
1714 1014
798 510
1000 491
2149 2252
2316 787
1494 180
2470 2821
888 2631
1874 2789
1401 1693
1269 384
1486 277
1662 1570
1921 54
2162 210
2987 236
2504 1504
2066 1272
1967 37
2716 2729
1652 1676
1404 80
1416 48
2188 1019
10 1239
156 2583
1961 477
2106 1619
2829 804
635 1099
1822 74
1689 1754
501 67
1926 2228
1450 1904
1631 1131
2141 696
284 2960
1537 2703
319 981
1269 1077
2851 1096
1205 632
1983 258
1657 1852
1171 2616
2836 1825
2410 1250
664 1470
257 1995
2289 109
215 825
2047 2310
750 757
1455 1665
2048 300
2411 2191
2725 2215
2065 248
525 1888
2290 1986
1120 1063
2437 808
86 916
1019 257
268 157
1076 595
2428 1066
1930 63
673 1143
11 439
1785 1186
2029 2549
2347 2661
1589 2350
2778 2326
1241 23
1635 326
839 1758
596 903
1189 1516
1582 2570
1315 2
2405 927
485 1274
1717 293
2494 1991
2343 2661
1241 1664
4 355
2809 424
1665 204
2620 2554
1892 870
2172 107
461 1180
2862 1952
456 1521
494 666
387 672
1475 2111
571 657
2406 2987
180 2406
