791
1984 1763
1594 547
593 1447
412 2900
1532 1805
238 1464
1951 1823
1335 1927
504 1330
2155 1226
2500 950
700 1304
1304 1451
209 1420
2280 2034
44 1713
1702 2969
800 1785
589 2428
1026 697
2542 24
311 617
1707 2041
1103 1572
1562 1383
936 2947
949 364
678 1950
2832 2073
1994 2357
1114 1298
41 2316
991 167
1574 1518
733 1069
1562 1131
1653 2444
1579 805
1869 553
1667 743
1604 2759
26 255
93 2082
1687 2614
320 2133
1283 773
2549 2028
1558 418
2667 380
630 651
744 2962
1565 1930
537 625
1082 2898
2108 2432
1227 81
580 1051
2218 2415
1517 2920
2541 2342
2729 677
2579 586
1435 1905
683 2130
817 3000
839 879
1999 2611
2121 693
1138 2495
1557 2561
1217 500
2064 2402
1947 2681
1231 1250
853 838
834 54
2219 2515
1082 972
274 1591
121 741
2035 947
1770 2387
2690 272
2865 197
367 46
131 2713
2877 727
2465 1393
665 1371
2713 1145
1157 1853
774 2847
686 1821
1385 2596
1387 2200
1815 1874
1879 45
2685 2919
2201 113
1738 2625
1641 1638
2860 1066
1581 2367
1334 1455
1662 975
2776 2667
2301 1355
2807 2225
66 373
1775 681
2982 2058
22 1098
2646 2414
242 1242
2963 2591
766 1498
112 2695
33 2358
2484 2822
2816 1555
1369 1647
925 481
2580 257
2463 1795
726 2009
700 244
2154 2943
1845 2389
672 238
2793 613
297 536
980 1048
668 473
793 579
857 2010
134 2606
2724 1906
2359 2506
107 152
2349 878
2844 171
1841 2021
1585 845
1396 1058
2725 1838
384 1847
180 1533
1260 2378
2701 2828
1284 2745
323 533
2360 2159
629 2335
206 2920
419 2614
850 2361
2026 2594
269 1307
2609 742
2867 130
845 2828
993 1249
2634 1151
2031 2768
339 1449
1275 1433
627 2438
270 175
2261 2352
2987 2920
97 901
893 1613
153 2918
216 423
611 2057
2995 2500
2575 2961
988 1682
107 1868
2492 2836
445 1854
2997 2707
633 2757
2561 2486
996 2740
2989 1268
384 251
486 105
2608 311
2378 2944
935 1894
2827 1473
1428 1518
1967 1267
2633 150
2691 1907
1156 2397
2842 1886
1325 2738
2168 1867
2481 811
2588 1212
1639 354
1950 1950
977 1077
1380 1471
2973 2877
1955 2224
188 2377
2924 2148
1130 1444
1453 2416
1808 28
2898 618
39 1541
2572 431
870 549
393 1023
341 881
611 1436
1882 2048
773 1396
2004 2774
1284 2874
71 1788
2779 1492
640 110
2145 2736
2241 2765
2182 2040
1766 614
2332 2233
281 2930
1171 2766
1323 2415
1415 1722
916 1424
1502 366
1197 1873
261 1647
1868 1061
2914 492
2785 2027
2983 1118
2334 1990
2869 1312
2547 2317
1320 1970
2339 834
618 761
2537 1830
2314 1913
407 2237
510 2821
537 1142
2182 1942
2037 342
1875 1595
1845 2453
960 1680
633 153
832 386
2614 226
952 2977
404 1438
2894 2119
1055 141
2571 1448
187 2887
1597 2690
1662 1765
352 800
2840 1374
1365 1809
686 1699
611 1486
1488 1533
638 2701
2015 365
1189 1999
571 1284
552 208
2300 1580
2530 1480
824 1303
1795 229
2332 2142
1617 668
1974 2197
2553 2400
827 989
1552 241
1684 10
1479 257
2454 2510
302 1419
442 1981
1303 1189
1354 899
1311 496
621 2779
1297 645
2429 1122
1676 867
175 1755
765 118
603 1763
2176 521
813 528
1547 1311
2450 1350
875 30
1351 970
2860 710
1647 226
2115 1929
1155 2444
454 243
1647 767
766 124
1915 1520
28 811
2775 141
1722 1077
2666 399
2659 2911
1949 323
805 2264
1907 289
558 978
428 977
917 83
1970 259
1850 47
876 126
673 2112
865 1332
1755 48
687 532
1438 534
2773 1767
2862 592
709 318
2531 192
2382 812
1429 2226
2137 2481
773 437
346 782
2462 1639
818 2160
1724 2070
2971 327
828 189
2035 2486
420 2691
2700 304
1060 2451
2915 2672
1269 63
2392 2009
433 173
1797 1280
284 2343
2835 1639
2193 1862
1297 348
2560 2951
2447 1545
822 1849
1170 2540
2773 1989
2448 1354
1158 71
566 2936
1852 1996
448 2418
1227 100
2554 2671
2361 1562
2420 2053
875 1578
1027 849
2899 1579
710 1554
169 205
797 447
1680 1508
2289 557
1219 597
2552 2645
2351 2520
640 2406
2090 2543
902 1095
2692 2262
663 2847
805 2908
838 1273
1239 185
2911 1522
1838 1152
2973 2405
405 735
231 1849
2699 428
1879 1249
1686 802
2486 940
70 61
1226 2510
814 2483
786 1143
1670 2299
916 2443
388 642
2476 1217
1116 2147
2640 2832
1453 2030
553 839
54 2989
2909 715
322 955
2779 1822
2072 1238
1262 1558
1037 2207
2822 1660
2854 1152
795 1934
1465 1229
2331 2240
1059 1669
94 2590
1711 699
2504 1893
597 960
2888 923
266 1659
2278 1451
2695 452
634 2093
2988 1525
2234 1254
902 1194
1668 1236
1134 99
837 2485
2348 2223
521 2065
540 915
533 1748
1872 2580
1416 1504
1606 305
1785 1291
2003 2796
1549 2189
1600 2931
528 2541
588 2410
1310 2052
139 347
2162 754
2126 1569
2687 15
682 265
662 1973
1813 2345
215 4
206 158
530 1406
453 1465
1640 133
2587 2329
174 273
1547 39
2619 70
1465 1942
2674 1141
929 1490
1250 954
1123 2202
1579 2735
590 2009
2891 2486
2011 657
787 692
1196 369
1820 661
508 1033
1149 266
2408 2114
1145 194
2247 1492
2245 576
1758 1330
1984 377
1694 593
1782 265
1994 1113
638 1159
2740 1347
26 109
1312 980
726 2724
699 224
1397 1168
2429 2459
1025 2008
2325 1012
1482 586
1539 2387
785 460
1004 244
965 1397
513 228
1766 2749
2426 947
1760 1754
1041 491
745 2492
577 264
2134 2996
329 2385
2979 2313
1923 1926
1267 1298
363 2818
1903 827
1740 67
2561 26
2332 1176
1244 2665
1947 818
1468 1017
2856 2190
1988 2580
2797 1385
2544 1828
988 997
2687 891
274 2532
446 2370
1011 2738
2705 854
2366 1615
1042 415
1562 109
2855 2299
1425 1728
1832 1123
852 2316
1614 2820
1168 2995
2082 1577
2751 1654
2341 975
689 299
1603 1361
197 49
2678 365
2427 2616
1080 2894
1476 1364
41 724
2060 852
2106 433
822 205
1440 28
968 1373
1174 2220
1585 2509
2324 13
2025 1110
2060 895
1024 2447
199 96
10 669
1851 390
2040 141
592 226
2898 1470
2747 65
2253 379
98 701
2327 1207
746 1635
1923 2505
2373 2134
1681 1946
2176 2660
2596 653
2228 2839
515 1319
266 2895
152 2591
2653 78
2461 2575
2179 2045
1793 1219
412 2549
1149 594
2694 464
1891 2539
1808 1984
1137 1970
742 944
1410 2107
2613 995
1886 1213
2511 769
1868 427
24 2769
2885 495
2098 1923
1786 2832
2486 269
184 270
2956 249
243 371
1837 1125
649 2980
2823 867
353 2112
785 1250
612 2408
1200 1669
706 1616
1089 2698
2080 2733
1935 2157
1737 344
1383 1238
962 378
1899 2064
498 1712
2324 1332
1554 2953
1987 2917
1314 1156
369 2205
260 136
758 2385
2580 2455
1351 16
1808 970
1627 1730
613 1443
1217 1046
555 935
2930 2580
1497 602
180 1364
731 2968
1770 879
571 57
2270 1981
2711 1964
808 2006
634 1655
1204 1093
68 1990
1847 993
1006 306
2218 1038
345 1132
1426 2605
615 1802
2974 431
2373 49
211 2367
102 885
2814 72
2851 1940
1248 1452
634 561
390 976
1709 2984
1233 2364
1509 901
42 703
2798 2802
2267 2938
2316 1632
2395 956
446 326
2088 1134
2275 736
681 1264
2186 450
172 12
2046 2237
1006 928
1122 320
1929 1090
1337 2683
2163 2048
385 1184
1837 1821
1065 436
1480 2811
1768 100
679 2693
2920 731
2905 2251
1460 51
1717 2036
1029 1770
804 1967
11 2239
353 2555
2634 2205
172 1992
1195 623
719 253
949 2812
2392 2852
163 1086
2001 1226
799 13
404 2715
2031 2946
2219 1478
2672 1040
119 20
1857 1621
2887 2671
777 1202
2548 2977
322 943
2770 602
2056 2387
178 1847
2301 2098
1038 2447
599 1520
1452 2319
1501 1972
1054 120
2990 417
1177 2999
1986 2521
1653 1950
533 1507
1892 2586
409 2535
351 1069
2562 2575
1469 2852
1400 896
1813 1899
937 673
1207 2103
854 1148
1798 1812
1391 594
2784 1264
736 2404
1273 2272
598 439
2388 1155
1709 1968
1788 1684
2412 2048
2786 1299
1452 881
552 2261
588 2690
413 1931
312 1360
2762 1
2283 990
2405 160
2059 2069
1339 2046
2364 2111
1108 2004
720 985
1145 1312
2173 504
1 908
1527 2325
2749 2743
792 1811
1472 43
1413 2672
2067 1502
1931 1579
2624 2477
